m0 = 0.08; 
J0 = 0.03127;
l0 = 0.15;
r0 = 0.1;
nab0 = 0.0474;

m1 = 0.098;
J1 = 0.0026919;
l1 = 0.215;
r1 = 0.148;
nab1 = 0.00128;

g = 9.8;

Ja = J0 + m0*r0^2 + m1*l0^2;
Jp = J1 + m1*r1^2;

tau = [0;0];